512346789346789125789125346123457968457698213698213457235871694861934572974562831


512346839346789245789125466123457678457698183698213597235871924861934742974562351


512346983346789524789125646123457867457698318698213759235871495861934272974562134


512346793346789154789125366123457987457698238698213479235871641861934525974562814


512436789346849125789265346123587968457948213698193457235711694861324572974652831


512436839346849245789265466123587688457948143698193597235711924861324742974652351


512436983346849524789265646123587868457948314698193759235711495861324272974652134


512436793346849154789265366123587988457948234698193479235711641861324525974652814


512643789346984125789526346123759968457898213698314457235171694861432572974265831


512643839346984245789526466123759698457898183698314547235171924861432742974265351


512643983346984524789526646123759869457898318698314754235171495861432272974265134


512643793346984154789526366123759989457898238698314474235171641861432525974265814


512363789346794125789156346123477968457689213698234457235811694861942572974525831


512363839346794245789156466123477678457689193698234547235811924861942742974525351


512363983346794524789156646123477867457689319698234754235811495861942272974525134


512363793346794154789156366123477987457689239698234474235811641861942525974525814


512789333346125444789346666123968111457213822698457995235694444861572244974831554


512789333346125444789346666123968111457213222698457955235694444861572444974831544


512789333346125444789346666123968111457213222698457595235694444861572444974831454


512789333346125444789346666123968111457213822698457955235694444861572244974831544


